1.000000 6.000000 0.000000 -5.000000
1.000000 1.000000 4.000000 -1.000000
5.000000 0.000000 -2.000000 4.000000
3.000000 4.000000 -2.000000 2.000000
3.000000 4.000000 2.000000 1.000000
5.000000 5.000000 -2.000000 -3.000000
3.000000 2.000000 0.000000 2.000000
0.000000 0.000000 6.000000 2.000000
-1.290995 -2.581989 2.581989 5.163978
1.290994 2.581989 0.254090 2.173294
1.545085 4.755283 -3.090170 -0.000000
-1.545085 4.755282 -2.500000 -1.816356
-4.045085 2.938926 -0.954915 -2.938926
-5.000000 -0.000000 0.954915 -2.938926
-4.045085 -2.938927 2.754090 0.356938
1.290994 2.581989 -2.581989 -5.163978
-1.290995 -2.581989 6.290995 2.581989
5.000000 0.000000 -0.954915 2.938926
4.045085 2.938926 -5.590170 -7.694209
-1.545085 -4.755282 3.090171 0.000000
1.545086 -4.755282 2.500001 1.816358
4.045086 -2.938925 -2.754092 5.520914
